29 23
26 4
17 38
51 67
5 56
73 29
32 52
27 62
18 54
10 3
25 21
56 30
63 7
25 4
76 9
48 49
12 29
72 29
9 79
81 68
28 11
73 11
49 26
60 33
18 19
31 36
30 60
2 8
51 79
24 11
13 48
74 80
8 25
17 3
63 82
53 23
57 26
59 14
32 45
64 38
31 75
69 58
61 13
19 35
28 65
61 14
55 71
55 63
21 77
4 24
9 58
54 20
49 9
62 5
2 71
60 6
15 69
63 22
63 17
19 78
6 65
58 82
22 40
51 70
54 79
77 38
42 41
29 56
22 50
9 52
34 15
34 40
5 55
82 70
8 34
83 4
59 9
19 28
83 55
81 9
42 76
34 6
77 23
48 58
41 8
83 14
8 51
45 75
32 19
77 50
42 65
62 20
80 74
63 34
22 2
56 50
52 83
11 41
64 28
47 66
8 25
29 83
35 70
79 8
48 28
79 65
62 32
51 61
14 15
10 4
43 15
36 40
36 34
46 9
40 4
11 5
55 12
42 18
36 63
69 10
78 55
69 78
6 74
72 21
33 34
28 50
18 43
23 77
72 73
48 2
25 71
52 45
18 75
10 51
73 34
25 35
30 1
9 72
29 41
34 45
45 26
59 7
60 44
70 13
72 49
29 46
15 67
69 8
4 25
61 15
64 22
31 82
9 76
20 18
35 35
49 31
40 4
40 83
12 45
68 57
5 81
62 25
5 62
20 46
15 2
69 4
63 20
64 24
78 61
81 67
24 53
62 38
83 81
7 12
28 70
79 42
40 5
10 67
43 7
77 30
57 58
3 33
49 45
51 20
24 16
5 35
47 2
33 36
20 25
25 8
56 9
19 29
7 27
48 59
11 81
64 72
67 52
11 50
50 29
72 39
30 71
72 12
65 45
78 39
55 57
47 19
65 70
58 48
40 58
26 23
81 76
10 26
36 17
51 79
74 67
70 74
37 69
61 69
20 7
48 46
32 9
4 37
34 46
7 80
77 46
11 76
3 49
42 38
62 46
60 49
77 83
48 72
71 56
65 80
10 73
29 33
10 64
74 72
73 56
76 73
11 55
2 29
56 78
71 71
28 24
8 58
30 83
53 33
45 15
50 61
64 11
71 5
18 61
66 23
59 53
48 7
54 71
38 23
81 19
16 77
68 78
52 69
66 55
3 11
12 41
28 58
6 15
9 83
67 80
12 79
12 49
12 59
59 2
5 43
45 31
35 26
82 57
76 70
43 2
23 47
58 55
11 18
26 74
1 39
62 39
39 1
8 21
65 20
66 76
11 64
51 44
50 65
7 2
60 32
23 23
41 65
58 49
21 41
39 78
34 69
1 49
64 6
75 34
19 61
76 57
4 50
75 42
80 15
5 30
12 24
15 52
17 40
81 58
27 43
83 25
65 72
43 25
64 2
63 44
73 56
67 82
40 49
19 75
73 16
53 7
36 9
67 10
55 32
33 25
9 18
7 59
62 51
76 16
7 51
62 78
35 45
40 39
41 16
13 51
22 6
68 12
74 77
73 56
5 34
54 33
53 38
35 56
49 8
21 72
57 3
69 23
38 58
55 74
53 28
53 39
20 65
4 3
33 79
69 68
62 20
12 56
80 30
26 81
10 68
74 33
79 24
78 19
21 45
58 16
22 82
4 61
65 15
13 72
35 33
23 54
23 36
10 37
75 13
26 9
33 58
65 68
38 20
43 79
70 68
66 71
21 53
47 64
17 34
75 66
17 37
46 61
45 20
11 44
15 42
28 8
19 50
67 48
18 19
23 45
55 18
3 50
50 35
33 53
73 30
21 41
21 44
75 79
12 5
24 18
10 83
65 28
41 58
53 55
69 82
47 81
12 30
11 82
35 80
11 10
71 41
55 68
22 70
71 59
58 72
36 13
79 5
36 56
37 58
9 76
66 61
67 74
67 23
30 75
34 76
44 16
77 14
31 52
28 80
7 55
71 77
81 81
47 34
3 7
78 38
46 61
71 19
28 10
57 65
2 82
41 79
25 65
28 20
20 66
58 67
28 40
51 38
5 72
64 70
27 34
21 23
80 80
31 67
29 58
69 21
78 47
79 9
14 75
53 16
53 27
14 20
33 11
10 7
11 33
15 39
29 71
38 52
62 18
83 29
35 45
75 45
80 37
73 65
44 43
24 13
20 49
17 83
20 1
74 70
70 24
56 79
44 31
75 8
9 28
30 80
76 24
64 9
36 53
24 79
22 29
46 51
10 2
20 64
54 38
32 61
28 14
42 11
72 80
1 49
45 66
56 17
13 28
21 79
68 9
48 51
61 78
49 42
62 6
69 43
12 12
37 55
79 52
53 62
65 54
20 40
52 58
35 39
56 30
39 66
64 24
79 46
74 65
1 33
49 1
33 67
11 41
38 34
30 2
21 44
58 42
14 15
72 9
82 3
44 10
70 33
50 4
63 72
16 74
65 14
52 21
14 65
22 37
29 11
20 1
10 55
9 78
8 22
10 65
58 65
67 82
72 39
15 83
17 7
62 50
18 39
21 8
76 38
29 33
76 35
63 71
66 43
83 15
24 56
80 42
62 34
16 83
31 54
32 59
51 22
21 23
33 54
67 54
35 2
3 53
77 60
72 24
2 79
16 29
39 83
60 44
11 20
71 67
24 21
61 23
7 53
66 55
15 41
39 13
60 30
64 23
54 28
49 2
46 76
82 35
38 3
20 51
46 60
13 13
66 83
31 14
25 63
47 24
78 18
9 44
40 4
53 10
19 37
74 66
55 69
22 32
23 26
68 4
34 15
10 38
29 26
30 60
83 51
82 74
64 25
8 29
67 38
78 35
33 10
33 10
69 30
41 80
62 82
75 82
79 43
73 63
9 54
16 15
57 76
11 52
38 83
3 30
62 76
48 69
31 33
54 25
66 1
52 83
68 33
82 1
59 83
79 22
36 28
21 13
22 64
61 40
82 64
55 70
28 12
19 69
35 7
52 46
72 49
81 9
2 17
30 24
78 11
77 39
5 64
78 34
56 36
47 50
56 14
26 2
29 66
56 57
14 14
49 53
31 33
33 71
31 13
11 6
35 37
46 72
71 16
65 47
17 69
13 83
43 3
74 58
23 79
63 20
44 56
11 65
45 25
8 55
31 7
3 44
25 41
15 19
52 38
15 14
1 9
40 29
1 50
10 29
43 59
49 36
34 75
45 63
27 65
27 47
9 11
16 11
67 53
58 2
72 55
7 68
64 50
19 36
16 65
64 79
16 63
13 56
42 50
11 33
80 35
75 71
12 52
5 74
76 30
46 32
76 8
40 71
53 64
56 68
57 10
47 46
1 31
32 29
81 44
52 17
42 25
6 37
64 19
57 13
45 28
43 70
20 33
4 8
23 25
4 62
78 27
60 70
72 30
71 64
20 60
76 33
62 29
73 51
2 4
8 34
8 43
23 29
51 61
27 51
28 24
7 57
41 73
23 16
49 19
48 35
32 76
76 68
35 10
8 74
44 36
7 19
18 53
55 35
4 32
20 11
4 20
36 80
53 20
75 72
7 58
3 66
39 56
2 15
50 39
77 41
53 36
8 75
17 71
39 71
19 71
12 17
83 37
32 12
40 80
15 15
18 20
67 69
34 24
63 45
52 41
68 49
38 63
42 51
13 45
63 66
65 5
53 20
46 69
67 3
25 73
58 54
24 62
23 33
53 22
42 76
8 77
20 62
3 47
63 20
79 64
83 79
17 33
34 14
50 48
24 49
41 61
20 62
66 15
26 59
40 9
81 74
3 70
58 71
69 75
18 83
6 47
7 44
74 62
37 74
29 10
67 6
82 76
36 31
57 41
79 72
22 5
64 70
67 9
76 31
59 46
28 59
31 25
43 78
55 60
72 4
61 35
30 31
26 76
76 11
35 28
15 28
79 30
61 1
67 20
61 65
69 7
16 66
65 9
59 58
33 42
60 81
52 76
11 70
58 33
45 74
17 66
80 31
32 1
63 1
47 43
11 35
82 8
18 55
20 47
50 18
18 18
61 76
52 17
60 4
19 75
27 34
59 71
48 4
11 68
35 65
29 58
12 74
31 25
83 45
58 39
51 11
67 27
57 82
5 4
63 15
24 59
66 55
16 61
59 11
43 15
45 35
13 69
72 44
7 70
46 27
18 15
30 63
24 16
51 32
15 49
82 7
5 21
41 53
75 40
58 53
50 72
3 43
78 16
82 81
39 13
76 19
42 37
80 10
30 3
31 1
11 28
80 77
17 38
30 75
29 19
52 50
13 76
61 29
12 71
69 9
17 53
77 2
57 64
49 52
24 31
24 73
9 58
43 23
76 10
27 40
69 8
53 20
45 26
7 49
60 51
82 43
18 23
68 41
34 78
20 37
73 62
51 81
79 62
42 38
34 39
37 3
45 29
23 10
83 58
40 32
58 83
76 56
33 65
56 70
73 2
72 81
73 73
51 8
40 55
24 66
68 52
16 22
15 79
82 72
1 59
